Using 2 processes
   10, 0.139327
   20, 0.090969
   30, 0.069496
   40, 0.055772
   50, 0.046315
   60, 0.038606
   70, 0.032254
   80, 0.026982
   90, 0.022586
  100, 0.018914
Total execution time: 0.000531 seconds

Using 4 processes
   10, 0.139327
   20, 0.090969
   30, 0.069496
   40, 0.055772
   50, 0.046315
   60, 0.038605
   70, 0.032254
   80, 0.026982
   90, 0.022586
  100, 0.018914
Total execution time: 0.000866 seconds

Using 6 processes
   10, 0.139327
   20, 0.090969
   30, 0.069496
   40, 0.055772
   50, 0.046315
   60, 0.038605
   70, 0.032254
   80, 0.026982
   90, 0.022586
  100, 0.018914
Total execution time: 0.000883 seconds

Using 8 processes
   10, 0.139327
   20, 0.090969
   30, 0.069496
   40, 0.055772
   50, 0.046315
   60, 0.038605
   70, 0.032254
   80, 0.026982
   90, 0.022586
  100, 0.018914
Total execution time: 0.000854 seconds

Using 10 processes
   10, 0.139327
   20, 0.090969
   30, 0.069496
   40, 0.055772
   50, 0.046315
   60, 0.038605
   70, 0.032254
   80, 0.026982
   90, 0.022586
  100, 0.018914
Total execution time: 0.001258 seconds

