Using 1 processes
   10, 0.155006
   20, 0.110024
   30, 0.089901
   40, 0.077374
   50, 0.069623
   60, 0.063285
   70, 0.058825
   80, 0.054946
   90, 0.051831
  100, 0.049208
Total execution time: 16.435842 seconds

Using 2 processes
   10, 0.155006
   20, 0.110024
   30, 0.089901
   40, 0.077374
   50, 0.069623
   60, 0.063285
   70, 0.058825
   80, 0.054945
   90, 0.051831
  100, 0.049208
Total execution time: 9.098863 seconds

Using 4 processes
   10, 0.155006
   20, 0.110024
   30, 0.089901
   40, 0.077374
   50, 0.069623
   60, 0.063285
   70, 0.058825
   80, 0.054945
   90, 0.051831
  100, 0.049208
Total execution time: 4.695390 seconds

Using 6 processes
   10, 0.155006
   20, 0.110024
   30, 0.089901
   40, 0.077374
   50, 0.069623
   60, 0.063285
   70, 0.058825
   80, 0.054946
   90, 0.051831
  100, 0.049208
Total execution time: 3.569006 seconds

Using 8 processes
   10, 0.155006
   20, 0.110024
   30, 0.089901
   40, 0.077374
   50, 0.069623
   60, 0.063285
   70, 0.058825
   80, 0.054945
   90, 0.051831
  100, 0.049208
Total execution time: 3.102009 seconds

Using 10 processes
   10, 0.155006
   20, 0.110024
   30, 0.089901
   40, 0.077374
   50, 0.069624
   60, 0.063285
   70, 0.058825
   80, 0.054945
   90, 0.051831
  100, 0.049208
Total execution time: 2.874850 seconds

