Using 2 processes
   10, 0.139327
   20, 0.090969
   30, 0.069496
   40, 0.055772
   50, 0.046315
   60, 0.038606
   70, 0.032254
   80, 0.026982
   90, 0.022586
  100, 0.018914
Total execution time: 0.000555 seconds

Using 4 processes
   10, 0.139327
   20, 0.090969
   30, 0.069496
   40, 0.055772
   50, 0.046315
   60, 0.038605
   70, 0.032254
   80, 0.026982
   90, 0.022586
  100, 0.018914
Total execution time: 0.000737 seconds

Using 6 processes
   10, 0.139327
   20, 0.090969
   30, 0.069496
   40, 0.055772
   50, 0.046315
   60, 0.038605
   70, 0.032254
   80, 0.026982
   90, 0.022586
  100, 0.018914
Total execution time: 0.001076 seconds

Using 8 processes
   10, 0.128705
   20, 0.078617
   30, 0.054808
   40, 0.040947
   50, 0.031319
   60, 0.024055
   70, 0.018522
   80, 0.014280
   90, 0.011017
  100, 0.008504
Total execution time: 0.001289 seconds

Using 10 processes
   10, 0.138854
   20, 0.088230
   30, 0.065884
   40, 0.051126
   50, 0.041215
   60, 0.033376
   70, 0.027079
   80, 0.021994
   90, 0.017874
  100, 0.014530
Total execution time: 0.001313 seconds

