Using 2 processes
   10, 0.155006
   20, 0.110024
   30, 0.089901
   40, 0.077374
   50, 0.069623
   60, 0.063285
   70, 0.058825
   80, 0.054945
   90, 0.051831
  100, 0.049208
Total execution time: 9.051712 seconds

Using 4 processes
   10, 0.155006
   20, 0.110024
   30, 0.089901
   40, 0.077374
   50, 0.069623
   60, 0.063285
   70, 0.058825
   80, 0.054945
   90, 0.051831
  100, 0.049208
Total execution time: 4.667215 seconds

Using 6 processes
   10, 0.155006
   20, 0.110024
   30, 0.089901
   40, 0.077374
   50, 0.069623
   60, 0.063285
   70, 0.058825
   80, 0.054946
   90, 0.051831
  100, 0.049208
Total execution time: 3.531611 seconds

Using 8 processes
   10, 0.155006
   20, 0.110024
   30, 0.089901
   40, 0.077374
   50, 0.069623
   60, 0.063285
   70, 0.058825
   80, 0.054945
   90, 0.051831
  100, 0.049208
Total execution time: 3.075758 seconds

Using 10 processes
   10, 0.155006
   20, 0.110024
   30, 0.089901
   40, 0.077374
   50, 0.069624
   60, 0.063285
   70, 0.058825
   80, 0.054945
   90, 0.051831
  100, 0.049208
Total execution time: 2.851870 seconds

